test pressione 6, valvola 51-52 ms, cubo piccolo
3 51000 4 3 51100 4 3 51200 4 3 51300 4 3 51400 4 3 51500 4 3 51600 4 3 51700 4 3 51800 4 3 51900 4

test pressione 6, valvola 52-53 ms, cubo piccolo
3 52000 4 3 52100 4 3 52200 4 3 52300 4 3 52400 4 3 52500 4 3 52600 4 3 52700 4 3 52800 4 3 52900 4

test pressione 6, valvola 53-54 ms, cubo grande
3 53000 4 3 53100 4 3 53200 4 3 53300 4 3 53400 4 3 53500 4 3 53600 4 3 53700 4 3 53800 4 3 53900 4

test pressione 6, valvola 55-145 ms, cubo grande
3 55000 4 3 65000 4 3 75000 4 3 85000 4 3 95000 4 3 105000 4 3 115000 4 3 125000 4 3 135000 4 3 145000 4